194.68
199.19
171.2
210.67
325.47
129.28
187.32
60.36
181.84
130.14
251.83
57.85
77.67
48.72
260.23
77.84
231.01
196.22
151.41
143.74
231.88
36.26
115.77
172.24
13.59
227.36
243.21
87.11
43.77
124.55
31
25.73
254.01
48.4
301.32
198.29
12.09
98.63
83.79
122.74
293.83
233.05
188.04
72.46
200.59
270.29
123.42
199.91
120.58
277.25
90.69
173.01
75.47
327.35
273.61
30.7
307.6
90.46
307.79
179.01
185.99
189.99
1.97
251.05
192.57
217.05
257.13
322.9
117.78
252.68
15.65
276.74
193.07
132.61
309.97
147.53
255.41
28.65
102.01
194.01
67.03
185.77
225.61
-1